0 1
0 2
0 3
0 4
0 5
0 6
0 7
0 8
0 9
0 10
0 11
0 12
0 13
0 14
0 15
0 16
0 17
0 18
0 19
0 20
0 21
0 22
0 23
0 24
0 25
0 26
0 27
0 28
0 29
0 30
0 31
0 32
0 33
1 16
1 18
1 19
1 24
1 30
2 29
3 10
3 16
3 17
3 18
3 23
3 28
3 30
4 19
5 25
5 29
5 31
6 16
6 18
6 20
6 25
6 30
7 8
7 23
8 14
8 16
8 19
8 20
8 21
8 29
8 31
9 18
9 24
9 29
9 31
10 14
10 20
10 22
10 24
10 29
10 30
11 14
11 17
11 29
12 14
12 17
12 20
12 30
13 14
13 17
13 18
13 19
13 21
13 22
13 23
13 27
13 31
14 16
14 17
14 18
14 19
14 20
14 22
14 23
14 24
14 25
14 26
14 27
14 28
14 29
14 30
14 33
15 17
15 18
15 20
15 24
15 29
16 17
16 19
16 23
16 24
16 29
17 18
17 19
17 20
17 22
17 24
17 25
17 29
17 30
17 31
18 19
18 20
18 21
18 24
18 28
18 29
18 30
19 20
19 25
20 23
20 24
20 28
20 30
21 29
21 30
22 24
22 28
22 29
22 32
23 24
23 27
23 28
23 30
24 25
24 27
24 28
24 29
24 30
24 31
24 32
26 30
28 29
28 30
29 30
29 31
30 32
0 1 6
0 1 8
0 1 10
0 1 13
0 1 14
0 1 17
0 1 18
0 1 21
0 1 22
0 1 24
0 1 25
0 1 28
0 1 29
0 1 30
0 1 31
0 2 30
0 2 32
0 3 7
0 3 8
0 3 10
0 3 14
0 3 16
0 3 17
0 3 22
0 3 24
0 3 28
0 3 29
0 3 31
0 3 33
0 4 13
0 4 14
0 4 15
0 4 19
0 4 22
0 4 23
0 4 24
0 4 30
0 5 14
0 5 16
0 5 17
0 5 18
0 5 23
0 5 28
0 5 30
0 5 31
0 6 7
0 6 13
0 6 14
0 6 17
0 6 18
0 6 19
0 6 20
0 6 21
0 6 23
0 6 24
0 6 28
0 6 29
0 6 30
0 6 31
0 7 8
0 7 12
0 7 14
0 7 17
0 7 19
0 7 24
0 8 13
0 8 14
0 8 16
0 8 18
0 8 19
0 8 20
0 8 21
0 8 22
0 8 24
0 8 27
0 8 28
0 8 29
0 8 30
0 8 31
0 9 11
0 9 13
0 9 14
0 9 17
0 9 18
0 9 21
0 9 22
0 9 24
0 9 28
0 9 29
0 9 31
0 9 32
0 10 11
0 10 14
0 10 16
0 10 18
0 10 20
0 10 22
0 10 23
0 10 24
0 10 29
0 10 30
0 10 31
0 11 13
0 11 14
0 11 18
0 11 22
0 11 24
0 11 25
0 11 30
0 12 14
0 12 17
0 12 19
0 12 20
0 12 22
0 12 24
0 12 25
0 12 29
0 12 30
0 12 32
0 13 14
0 13 15
0 13 16
0 13 17
0 13 18
0 13 19
0 13 20
0 13 21
0 13 24
0 13 25
0 13 28
0 13 29
0 13 30
0 13 31
0 14 15
0 14 16
0 14 17
0 14 18
0 14 19
0 14 20
0 14 21
0 14 22
0 14 23
0 14 24
0 14 25
0 14 27
0 14 28
0 14 29
0 14 30
0 14 31
0 14 32
0 14 33
0 15 16
0 15 17
0 15 18
0 15 22
0 15 25
0 15 29
0 15 31
0 15 32
0 16 21
0 16 28
0 16 29
0 16 30
0 16 31
0 17 18
0 17 19
0 17 20
0 17 21
0 17 22
0 17 23
0 17 24
0 17 25
0 17 26
0 17 27
0 17 28
0 17 29
0 17 30
0 17 31
0 17 33
0 18 19
0 18 20
0 18 21
0 18 22
0 18 23
0 18 24
0 18 25
0 18 27
0 18 29
0 18 30
0 18 31
0 18 33
0 19 20
0 19 21
0 19 22
0 19 23
0 19 24
0 19 25
0 19 28
0 19 29
0 19 30
0 19 31
0 19 32
0 20 22
0 20 23
0 20 24
0 20 25
0 20 29
0 20 30
0 20 31
0 20 32
0 21 23
0 21 24
0 21 25
0 21 28
0 21 29
0 21 33
0 22 25
0 22 28
0 22 29
0 22 30
0 22 31
0 23 24
0 23 25
0 23 27
0 23 28
0 23 29
0 23 30
0 24 27
0 24 28
0 24 29
0 24 30
0 24 31
0 24 32
0 25 29
0 25 30
0 25 31
0 26 31
0 27 28
0 27 29
0 28 29
0 28 30
0 28 31
0 28 33
0 29 30
0 29 31
0 29 33
0 30 31
1 10 11
1 15 20
2 14 29
3 11 29
6 14 30
6 15 24
8 10 29
8 15 28
10 14 24
11 13 30
12 14 31
13 14 16
13 14 18
13 19 23
14 17 20
14 19 20
14 24 30
14 24 33
15 18 29
16 20 22
17 20 30
18 28 33
20 30 31
21 22 30
0 1 3 20
0 1 5 14
0 1 6 24
0 1 8 27
0 1 10 13
0 1 10 22
0 1 11 17
0 1 14 18
0 1 14 31
0 1 16 22
0 1 17 24
0 1 17 28
0 1 18 29
0 1 28 29
0 2 14 30
0 2 22 30
0 3 8 14
0 3 14 18
0 3 14 22
0 3 14 23
0 3 15 24
0 3 18 19
0 3 18 28
0 3 20 28
0 3 22 31
0 3 23 28
0 4 14 29
0 4 15 20
0 4 15 28
0 4 17 18
0 4 19 25
0 4 22 25
0 4 24 29
0 5 8 30
0 5 12 29
0 5 13 24
0 5 14 16
0 5 14 18
0 5 17 20
0 5 19 22
0 5 20 31
0 5 22 27
0 6 12 14
0 6 12 31
0 6 13 17
0 6 14 20
0 6 14 22
0 6 14 25
0 6 14 32
0 6 15 17
0 6 15 23
0 6 21 22
0 6 23 29
0 7 8 14
0 7 8 31
0 7 14 24
0 7 18 21
0 7 19 25
0 7 20 24
0 7 28 29
0 8 10 31
0 8 13 25
0 8 13 30
0 8 14 16
0 8 14 21
0 8 14 29
0 8 14 30
0 8 18 20
0 8 22 28
0 8 24 30
0 8 28 29
0 8 28 30
0 9 10 20
0 9 14 21
0 9 14 23
0 9 17 18
0 9 18 29
0 10 13 24
0 10 14 20
0 10 14 25
0 10 14 30
0 10 14 32
0 10 17 22
0 10 17 24
0 10 17 29
0 10 24 28
0 11 13 17
0 11 17 29
0 11 20 29
0 11 21 30
0 11 30 33
0 12 14 18
0 12 14 23
0 12 20 21
0 12 29 31
0 13 14 17
0 13 14 18
0 13 14 20
0 13 14 30
0 13 14 31
0 13 15 19
0 13 15 21
0 13 16 17
0 13 19 20
0 13 20 29
0 13 20 30
0 13 28 30
0 14 15 19
0 14 15 28
0 14 16 17
0 14 16 18
0 14 16 24
0 14 17 18
0 14 17 20
0 14 17 28
0 14 17 29
0 14 18 20
0 14 18 23
0 14 18 24
0 14 18 28
0 14 18 29
0 14 19 28
0 14 19 29
0 14 19 30
0 14 19 31
0 14 20 28
0 14 20 30
0 14 21 30
0 14 21 31
0 14 22 30
0 14 23 30
0 14 24 25
0 14 24 30
0 14 24 31
0 14 28 30
0 14 29 30
0 14 30 33
0 15 17 19
0 15 17 23
0 15 17 29
0 16 17 24
0 16 18 32
0 16 20 27
0 16 21 30
0 17 18 22
0 17 18 27
0 17 19 24
0 17 19 31
0 17 20 29
0 17 23 32
0 17 28 30
0 17 29 30
0 17 29 31
0 17 30 31
0 18 21 23
0 18 21 29
0 18 21 30
0 18 22 24
0 18 24 28
0 18 24 31
0 18 25 28
0 18 29 30
0 18 29 31
0 19 20 28
0 19 21 31
0 19 22 24
0 19 23 31
0 19 24 30
0 19 25 33
0 19 29 32
0 20 22 23
0 20 28 30
0 21 22 29
0 21 29 31
0 22 24 28
0 22 25 30
0 22 27 31
0 22 29 32
0 23 24 25
0 23 24 28
0 23 24 31
0 23 29 30
0 24 28 31
0 25 29 30
0 29 30 31
1 20 24 29
2 12 14 29
3 5 21 22
4 6 22 25
8 10 17 18
24 28 29 30
0 1 3 28 31
0 1 14 24 29
0 1 17 23 24
0 2 14 18 20
0 3 9 15 17
0 3 12 14 18
0 3 18 20 22
0 4 8 22 31
0 4 14 18 31
0 5 14 18 22
0 5 19 20 21
0 6 8 16 24
0 6 13 30 31
0 6 14 17 18
0 6 14 17 23
0 6 14 17 30
0 7 13 14 18
0 8 9 12 18
0 8 10 14 28
0 8 18 25 31
0 10 17 20 24
0 10 25 27 31
0 12 14 20 30
0 13 14 24 31
0 13 20 24 29
0 14 15 19 25
0 14 16 18 29
0 14 17 24 29
0 14 18 21 31
0 14 18 28 30
0 14 19 20 25
0 14 19 25 30
0 14 20 24 29
0 14 20 28 29
0 15 18 22 24
0 15 18 29 31
0 16 17 21 28
0 16 18 22 31
0 17 27 28 31
0 17 28 29 30
0 18 20 24 28
0 28 29 30 31
0 1 12 14 18 25
0 1 14 19 24 30
0 1 16 24 29 30
0 1 18 24 29 31
0 1 23 28 30 32
0 2 3 14 18 27
0 3 14 18 19 28
0 4 5 13 14 17
0 6 7 14 17 21
0 6 10 13 20 31
0 8 20 28 30 31
0 9 18 20 23 31
0 10 13 14 19 31
0 10 13 14 24 30
0 10 13 16 22 30
0 10 14 17 18 30
0 10 17 18 22 23
0 11 21 24 28 29
0 13 14 18 28 29
0 13 14 20 22 27
0 13 14 20 24 30
0 13 14 28 29 30
0 14 15 19 28 30
0 14 16 18 20 24
0 14 17 19 29 30
0 14 18 19 28 29
0 14 18 19 30 31
0 14 18 20 27 30
0 14 20 21 24 29
0 14 21 24 28 30
0 14 22 24 28 31
0 14 23 25 28 31
0 16 23 25 26 30
0 18 20 22 30 31
0 1 2 9 10 20 30
0 1 6 10 13 28 31
0 1 14 17 18 25 29
0 3 4 12 14 24 29
0 5 9 14 19 21 28
0 6 8 13 19 20 28
0 6 16 17 18 21 25
0 8 13 20 21 23 24
0 12 14 18 20 25 32
0 1 8 9 14 24 28 32
0 6 8 13 14 17 29 30
0 6 9 11 14 17 19 29
0 6 12 14 27 28 30 32
0 8 11 17 19 25 30 31
0 8 14 15 18 20 24 29
0 10 13 14 17 18 24 28
0 13 14 18 28 30 31 33
0 1 3 16 17 20 21 22 25
0 1 3 9 12 18 20 25 28 30
0 10 14 18 21 23 24 28 29 31
0 6 14 17 18 21 23 24 28 30 31
0 7 8 10 14 17 18 22 24 25 29 30
