49
9
45
5
14
49
23
52
30
46
25
29
61
303
30
50
118
149
86
94
67
55
50
112
76
6
25
99
127
127
74
21
17
1
1
1
1
1
1
1
1
2
1
1
1
1
1
1
1
1
1
1
1
1
1
1
1
1
1
1
4
1
1
1
1
1
1
1
2
1
1
1
2
2
1
1
1
1
1
1
1
4
1
2
2
1
1
1
1
1
2
4
3
1
4
1
4
6
1
1
1
1
3
6
1
1
1
1
1
1
1
2
1
1
2
1
3
1
1
2
2
3
2
2
1
4
2
3
1
2
6
1
1
2
2
1
1
2
1
2
2
1
1
2
1
1
1
2
1
1
1
2
2
1
1
2
1
1
1
1
1
1
1
1
8
1
2
2
1
3
2
2
1
3
3
1
1
1
1
3
2
1
1
1
1
1
2
1
1
1
2
1
1
1
2
2
1
4
1
2
1
1
2
1
1
1
1
7
1
2
1
1
1
1
2
1
2
2
1
1
1
2
2
1
1
1
7
1
1
1
1
3
1
1
1
2
1
1
1
1
1
1
1
2
1
1
1
1
5
1
1
1
2
2
3
2
1
3
3
3
2
2
1
2
1
1
1
1
1
3
1
2
1
1
2
1
3
1
1
6
1
1
4
6
2
1
1
1
3
1
2
4
1
4
3
11
8
4
10
3
4
8
5
8
1
5
7
16
11
2
1
1
1
2
1
1
2
1
1
3
2
2
2
2
5
2
5
3
1
2
3
2
1
1
2
2
3
3
1
3
5
4
1
3
2
1
1
3
7
5
1
2
2
1
1
2
3
2
4
2
1
1
3
1
1
4
4
3
1
2
1
3
1
2
2
1
3
1
4
3
4
2
2
1
2
2
1
2
2
3
7
2
1
5
2
1
1
1
1
5
3
1
1
8
6
1
3
1
1
1
1
1
1
1
1
1
1
1
1
1
1
1
1
1
1
1
1
1
1
1
1
1
1
1
1
1
1
1
1
1
1
1
1
1
1
1
1
1
1
1
1
1
1
1
1
1
1
1
1
1
1
1
1
1
1
1
1
1
1
1
1
1
1
1
1
1
1
1
1
1
1
1
1
2
1
2
1
1
1
1
1
1
1
1
1
1
1
1
1
1
1
1
1
1
1
1
1
1
1
2
1
1
1
1
1
1
1
1
1
1
1
1
1
1
1
1
1
2
1
1
2
1
1
1
1
1
1
1
1
1
1
1
1
1
1
1
1
1
1
2
2
1
1
1
1
1
1
2
1
1
1
1
1
1
2
1
1
1
1
1
1
1
1
1
1
2
1
1
1
1
1
1
1
1
1
1
2
1
1
1
1
1
1
1
1
1
1
1
1
1
1
1
1
1
1
1
1
1
1
1
1
1
1
1
1
1
1
1
1
1
1
1
1
1
1
1
1
1
1
1
1
1
1
1
1
1
1
1
1
1
1
1
1
1
1
1
1
1
1
1
1
2
1
1
1
1
1
1
1
1
1
1
1
1
1
1
1
1
1
1
1
1
1
1
1
1
1
1
1
1
1
1
1
1
1
1
1
1
1
1
1
1
1
1
1
1
1
1
1
1
1
1
1
1
1
1
1
1
1
1
1
1
1
1
1
1
1
1
1
1
